# PLASMA FREQ.:     8.9786KHZ GYRO FREQ.:    2.8000KHZ   ELECTRON DENSITY:1.00000E+06M-3
# O+   DN= 1.00000E+06  T=  0.01000  D=1.00  A=5.00  B=0.00 VD= 1.00
# e-   DN= 1.00000E+06  T=  0.00100  D=1.00  A=1.00  B=0.00 VD= 0.00
#INPUT:

#OUTPUT:

    0.0050119      0.0010000    2.5532830E-01 -4.21E-12
    0.0050119      0.0012589    2.5835238E-01 -2.31E-11
    0.0050119      0.0015849    2.6309214E-01 -1.07E-09

    0.0063096      0.0010000    3.1915627E-01  2.78E-12
    0.0063096      0.0012589    3.2166428E-01 -5.20E-12
    0.0063096      0.0015849    3.2561680E-01 -2.89E-11

    0.0079433      0.0010000    3.9997052E-01  1.09E-12
    0.0079433      0.0012589    4.0208047E-01  3.50E-12
    0.0079433      0.0015849    4.0541729E-01 -6.49E-12

    0.0100000      0.0010000    5.0207567E-01  7.88E-14
    0.0100000      0.0012589    5.0389142E-01  1.40E-12
    0.0100000      0.0015849    5.0676901E-01  4.59E-12

    0.0125893      0.0010000    6.3090592E-01 -7.08E-14
    0.0125893      0.0012589    6.3251952E-01  1.10E-13
    0.0125893      0.0015849    6.3507957E-01  1.98E-12

#INPUT:
